=== Motif Search Report ===

Motif: ATG 
Count: 162 
Positions: 45, 73, 116, 219, 249, 415, 581, 615, 695, 772, 1090, 1283, 1343, 1358, 1399, 1567, 1798, 1856, 1953, 2298, 2315, 2438, 2558, 2629, 2633, 2730, 2749, 2853, 2990, 3011, 3177, 3236, 3313, 3355, 3367, 3561, 3731, 3840, 3858, 4046, 4119, 4173, 4212, 4217, 4269, 4337, 4444, 4578, 4718, 4865, 5033, 5183, 5258, 5411, 5665, 5807, 5869, 5904, 5975, 6085, 6177, 6720, 6732, 6897, 6902, 7039, 7209, 7237, 7250, 7314, 7390, 7394, 7495, 7504, 7586, 7593, 7656, 7704, 7894, 8071, 8103, 8170, 8204, 8366, 8389, 8527, 8667, 8695, 8836, 8850, 8894, 9037, 9207, 9223, 9251, 9285, 9303, 9374, 9377, 9385, 9943, 9964, 9980, 10286, 10323, 10369, 10429, 10450, 10470, 10562, 10723, 10760, 10804, 10991, 11164, 11344, 11401, 11418, 11481, 11557, 11833, 12004, 12068, 12234, 12242, 12254, 12343, 12440, 12499, 12627, 12807, 12824, 12897, 12921, 13170, 13223, 13357, 13391, 13887, 14196, 14430, 14703, 14708, 14747, 14833, 14836, 14903, 14970, 15000, 15138, 15232, 15464, 15559, 15880, 15931, 16031, 16087, 16116, 16194, 16367, 16371, 16567 

Motif: TATA 
Count: 82 
Positions: 859, 1255, 1257, 1504, 1543, 1545, 1743, 1778, 1807, 1822, 1841, 1977, 2242, 2285, 2305, 2885, 3200, 3394, 3396, 4002, 4209, 4452, 4703, 4772, 4894, 5091, 5495, 5509, 5956, 6251, 6413, 6524, 6592, 6633, 6776, 7387, 7429, 7561, 7575, 7577, 8038, 8157, 8265, 8504, 8736, 8823, 8868, 9233, 9367, 10001, 10187, 10408, 10410, 10493, 10531, 10595, 10786, 11050, 11080, 11114, 11368, 11485, 11569, 11973, 12143, 12354, 12655, 12657, 12783, 12854, 13089, 13600, 14178, 14180, 14466, 14523, 15051, 15115, 15512, 15670, 15816, 15898 

Motif: AATAAA 
Count: 14 
Positions: 836, 966, 1736, 4005, 4571, 4610, 4778, 5405, 8494, 10058, 12327, 13872, 14496, 14776 

Motif: CG 
Count: 435 
Positions: 33, 61, 78, 80, 91, 96, 105, 120, 162, 170, 186, 315, 411, 498, 525, 544, 624, 708, 739, 765, 785, 808, 842, 886, 898, 900, 908, 932, 935, 1023, 1133, 1146, 1177, 1216, 1226, 1262, 1302, 1314, 1322, 1388, 1414, 1473, 1475, 1484, 1488, 1537, 1561, 1597, 1663, 1749, 1769, 1786, 1905, 1915, 1948, 1989, 2001, 2202, 2332, 2344, 2476, 2491, 2541, 2566, 2570, 2572, 2584, 2642, 2689, 2699, 2718, 2809, 2818, 2824, 2843, 2877, 2915, 2942, 2982, 2988, 3009, 3021, 3035, 3046, 3060, 3078, 3093, 3126, 3162, 3172, 3247, 3254, 3351, 3375, 3379, 3406, 3420, 3435, 3453, 3459, 3495, 3525, 3530, 3549, 3642, 3687, 3696, 3699, 3706, 3889, 3900, 3909, 3921, 3945, 3951, 3954, 3966, 3984, 4050, 4126, 4141, 4147, 4152, 4345, 4375, 4426, 4439, 4463, 4490, 4531, 4540, 4620, 4654, 4664, 4712, 4847, 4919, 4995, 5053, 5111, 5146, 5163, 5236, 5243, 5270, 5352, 5399, 5459, 5470, 5622, 5737, 5740, 5743, 5755, 5767, 5790, 5820, 5909, 5912, 5916, 5969, 5972, 6015, 6020, 6053, 6068, 6074, 6128, 6164, 6173, 6181, 6189, 6242, 6263, 6329, 6445, 6455, 6464, 6540, 6563, 6569, 6572, 6617, 6656, 6689, 6761, 6797, 6807, 6824, 6839, 6851, 6854, 6875, 6887, 6950, 6998, 7007, 7012, 7019, 7130, 7160, 7163, 7196, 7205, 7215, 7218, 7225, 7235, 7331, 7336, 7341, 7418, 7427, 7462, 7599, 7618, 7663, 7756, 7774, 7792, 7813, 7829, 7849, 7858, 7909, 7918, 7924, 7927, 7978, 7985, 7996, 8006, 8019, 8036, 8059, 8113, 8117, 8140, 8147, 8151, 8164, 8212, 8254, 8386, 8532, 8544, 8580, 8583, 8647, 8722, 8781, 8855, 8878, 8958, 8997, 9001, 9009, 9054, 9138, 9144, 9162, 9195, 9293, 9328, 9381, 9383, 9393, 9444, 9449, 9488, 9574, 9611, 9620, 9672, 9752, 9773, 9776, 9785, 9818, 9827, 9867, 9911, 9917, 9920, 10013, 10067, 10142, 10169, 10175, 10181, 10196, 10200, 10202, 10400, 10426, 10436, 10536, 10585, 10670, 10676, 10684, 10736, 10774, 10933, 11003, 11030, 11125, 11162, 11183, 11191, 11245, 11389, 11422, 11434, 11455, 11476, 11492, 11591, 11610, 11647, 11689, 11692, 11710, 11716, 11761, 11765, 11777, 11851, 11860, 11913, 12053, 12112, 12124, 12191, 12206, 12405, 12456, 12527, 12621, 12735, 12762, 12774, 12813, 12817, 12862, 12867, 12870, 12876, 12888, 12951, 13120, 13179, 13197, 13209, 13239, 13287, 13332, 13365, 13405, 13524, 13530, 13551, 13578, 13596, 13609, 13642, 13668, 13702, 13713, 13725, 13758, 13809, 13914, 13939, 13967, 14159, 14225, 14248, 14267, 14383, 14458, 14559, 14568, 14680, 14684, 14697, 14720, 14759, 14803, 14830, 14845, 14860, 14920, 14929, 14944, 14957, 14962, 14984, 14995, 15004, 15040, 15044, 15058, 15091, 15147, 15199, 15275, 15349, 15354, 15391, 15430, 15436, 15499, 15556, 15574, 15590, 15595, 15616, 15698, 15733, 15760, 15811, 15926, 16083, 16095, 16128, 16328, 16360, 16411, 16427, 16449, 16454, 16495, 16542, 16565 

